x		f(x)		fa'(x)		fd'(x)		fa''(x)		fd''(x)
-2.000000	-0.653644	-3.027210	-0.029668	-5.229149	-5.439162
-1.990000	-0.683312	-2.905904	-0.028440	-5.439162	-5.637074
-1.980000	-0.711752	-2.781627	-0.027184	-5.637074	-5.822811
-1.970000	-0.738935	-2.654678	-0.025902	-5.822811	-5.996326
-1.960000	-0.764837	-2.525355	-0.024598	-5.996326	-6.157598
-1.950000	-0.789436	-2.393950	-0.023275	-6.157598	-6.306633
-1.940000	-0.812710	-2.260751	-0.021935	-6.306633	-6.443464
-1.930000	-0.834646	-2.126039	-0.020582	-6.443464	-6.568145
-1.920000	-0.855227	-1.990093	-0.019217	-6.568145	-6.680754
-1.910000	-0.874444	-1.853182	-0.017844	-6.680754	-6.781392
-1.900000	-0.892288	-1.715570	-0.016466	-6.781392	-6.870181
-1.890000	-0.908754	-1.577515	-0.015084	-6.870181	-6.947262
-1.880000	-0.923838	-1.439266	-0.013702	-6.947262	-7.012796
-1.870000	-0.937540	-1.301066	-0.012321	-7.012796	-7.066961
-1.860000	-0.949860	-1.163149	-0.010944	-7.066961	-7.109952
-1.850000	-0.960804	-1.025742	-0.009573	-7.109952	-7.141979
-1.840000	-0.970378	-0.889063	-0.008211	-7.141979	-7.163269
-1.830000	-0.978589	-0.753322	-0.006859	-7.163269	-7.174060
-1.820000	-0.985448	-0.618720	-0.005520	-7.174060	-7.174605
-1.810000	-0.990968	-0.485450	-0.004194	-7.174605	-7.165166
-1.800000	-0.995162	-0.353695	-0.002885	-7.165166	-7.146017
-1.790000	-0.998047	-0.223631	-0.001594	-7.146017	-7.117442
-1.780000	-0.999641	-0.095423	-0.000322	-7.117442	-7.079733
-1.770000	-0.999962	0.030772	0.000930	-7.079733	-7.033189
-1.760000	-0.999032	0.154804	0.002159	-7.033189	-6.978117
-1.750000	-0.996874	0.276536	0.003364	-6.978117	-6.914829
-1.740000	-0.993510	0.395836	0.004544	-6.914829	-6.843642
-1.730000	-0.988966	0.512583	0.005699	-6.843642	-6.764878
-1.720000	-0.983267	0.626664	0.006826	-6.764878	-6.678860
-1.710000	-0.976442	0.737975	0.007924	-6.678860	-6.585917
-1.700000	-0.968517	0.846419	0.008994	-6.585917	-6.486376
-1.690000	-0.959523	0.951910	0.010034	-6.486376	-6.380567
-1.680000	-0.949489	1.054368	0.011043	-6.380567	-6.268819
-1.670000	-0.938446	1.153723	0.012021	-6.268819	-6.151463
-1.660000	-0.926425	1.249910	0.012967	-6.151463	-6.028826
-1.650000	-0.913459	1.342875	0.013880	-6.028826	-5.901235
-1.640000	-0.899579	1.432569	0.014760	-5.901235	-5.769015
-1.630000	-0.884818	1.518953	0.015608	-5.769015	-5.632485
-1.620000	-0.869211	1.601992	0.016421	-5.632485	-5.491965
-1.610000	-0.852790	1.681660	0.017201	-5.491965	-5.347768
-1.600000	-0.835589	1.757937	0.017947	-5.347768	-5.200204
-1.590000	-0.817642	1.830811	0.018658	-5.200204	-5.049578
-1.580000	-0.798984	1.900274	0.019336	-5.049578	-4.896190
-1.570000	-0.779648	1.966324	0.019979	-4.896190	-4.740333
-1.560000	-0.759669	2.028968	0.020589	-4.740333	-4.582296
-1.550000	-0.739080	2.088215	0.021164	-4.582296	-4.422361
-1.540000	-0.717916	2.144080	0.021706	-4.422361	-4.260803
-1.530000	-0.696210	2.196586	0.022214	-4.260803	-4.097891
-1.520000	-0.673995	2.245757	0.022690	-4.097891	-3.933885
-1.510000	-0.651306	2.291623	0.023132	-3.933885	-3.769042
-1.500000	-0.628174	2.334220	0.023542	-3.769042	-3.603606
-1.490000	-0.604632	2.373585	0.023919	-3.603606	-3.437818
-1.480000	-0.580713	2.409762	0.024265	-3.437818	-3.271909
-1.470000	-0.556447	2.442796	0.024580	-3.271909	-3.106103
-1.460000	-0.531867	2.472738	0.024864	-3.106103	-2.940615
-1.450000	-0.507003	2.499639	0.025118	-2.940615	-2.775652
-1.440000	-0.481884	2.523557	0.025343	-2.775652	-2.611415
-1.430000	-0.456541	2.544549	0.025538	-2.611415	-2.448095
-1.420000	-0.431003	2.562676	0.025706	-2.448095	-2.285875
-1.410000	-0.405297	2.578002	0.025845	-2.285875	-2.124930
-1.400000	-0.379452	2.590592	0.025958	-2.124930	-1.965427
-1.390000	-0.353494	2.600514	0.026044	-1.965427	-1.807525
-1.380000	-0.327450	2.607837	0.026104	-1.807525	-1.651375
-1.370000	-0.301346	2.612631	0.026140	-1.651375	-1.497119
-1.360000	-0.275206	2.614968	0.026151	-1.497119	-1.344893
-1.350000	-0.249054	2.614922	0.026139	-1.344893	-1.194824
-1.340000	-0.222915	2.612566	0.026105	-1.194824	-1.047032
-1.330000	-0.196810	2.607975	0.026048	-1.047032	-0.901627
-1.320000	-0.170763	2.601224	0.025970	-0.901627	-0.758715
-1.310000	-0.144793	2.592390	0.025871	-0.758715	-0.618392
-1.300000	-0.118922	2.581549	0.025753	-0.618392	-0.480749
-1.290000	-0.093168	2.568778	0.025616	-0.480749	-0.345867
-1.280000	-0.067552	2.554152	0.025461	-0.345867	-0.213823
-1.270000	-0.042091	2.537749	0.025288	-0.213823	-0.084687
-1.260000	-0.016803	2.519644	0.025099	-0.084687	0.041481
-1.250000	0.008296	2.499914	0.024894	0.041481	0.164624
-1.240000	0.033190	2.478634	0.024674	0.164624	0.284691
-1.230000	0.057864	2.455878	0.024439	0.284691	0.401639
-1.220000	0.082303	2.431722	0.024191	0.401639	0.515431
-1.210000	0.106494	2.406238	0.023930	0.515431	0.626034
-1.200000	0.130424	2.379500	0.023656	0.626034	0.733421
-1.190000	0.154080	2.351579	0.023372	0.733421	0.837571
-1.180000	0.177452	2.322546	0.023076	0.837571	0.938469
-1.170000	0.200527	2.292470	0.022770	0.938469	1.036101
-1.160000	0.223298	2.261421	0.022455	1.036101	1.130463
-1.150000	0.245753	2.229465	0.022131	1.130463	1.221552
-1.140000	0.267884	2.196669	0.021799	1.221552	1.309370
-1.130000	0.289684	2.163097	0.021460	1.309370	1.393924
-1.120000	0.311144	2.128813	0.021114	1.393924	1.475224
-1.110000	0.332258	2.093879	0.020762	1.475224	1.553285
-1.100000	0.353019	2.058355	0.020404	1.553285	1.628125
-1.090000	0.373423	2.022301	0.020041	1.628125	1.699764
-1.080000	0.393464	1.985775	0.019673	1.699764	1.768227
-1.070000	0.413137	1.948831	0.019302	1.768227	1.833542
-1.060000	0.432439	1.911526	0.018927	1.833542	1.895740
-1.050000	0.451367	1.873911	0.018550	1.895740	1.954853
-1.040000	0.469917	1.836038	0.018170	1.954853	2.010917
-1.030000	0.488087	1.797958	0.017788	2.010917	2.063971
-1.020000	0.505875	1.759718	0.017405	2.063971	2.114054
-1.010000	0.523281	1.721364	0.017022	2.114054	2.161209
-1.000000	0.540302	1.682942	0.016637	2.161209	2.205480
-0.990000	0.556939	1.644495	0.016253	2.205480	2.246914
-0.980000	0.573192	1.606065	0.015869	2.246914	2.285557
-0.970000	0.589061	1.567692	0.015485	2.285557	2.321458
-0.960000	0.604546	1.529414	0.015103	2.321458	2.354669
-0.950000	0.619650	1.491269	0.014723	2.354669	2.385240
-0.940000	0.634372	1.453292	0.014344	2.385240	2.413224
-0.930000	0.648716	1.415517	0.013967	2.413224	2.438675
-0.920000	0.662683	1.377975	0.013593	2.438675	2.461647
-0.910000	0.676277	1.340699	0.013222	2.461647	2.482194
-0.900000	0.689498	1.303717	0.012854	2.482194	2.500373
-0.890000	0.702352	1.267057	0.012489	2.500373	2.516239
-0.880000	0.714841	1.230746	0.012127	2.516239	2.529849
-0.870000	0.726968	1.194808	0.011770	2.529849	2.541259
-0.860000	0.738738	1.159267	0.011417	2.541259	2.550527
-0.850000	0.750155	1.124146	0.011068	2.550527	2.557708
-0.840000	0.761223	1.089464	0.010723	2.557708	2.562860
-0.830000	0.771946	1.055243	0.010383	2.562860	2.566039
-0.820000	0.782329	1.021499	0.010048	2.566039	2.567303
-0.810000	0.792377	0.988251	0.009718	2.567303	2.566706
-0.800000	0.802096	0.955513	0.009394	2.566706	2.564306
-0.790000	0.811489	0.923300	0.009074	2.564306	2.560158
-0.780000	0.820564	0.891626	0.008760	2.560158	2.554317
-0.770000	0.829324	0.860503	0.008452	2.554317	2.546838
-0.760000	0.837775	0.829943	0.008149	2.546838	2.537773
-0.750000	0.845924	0.799954	0.007852	2.537773	2.527178
-0.740000	0.853777	0.770547	0.007561	2.527178	2.515105
-0.730000	0.861337	0.741729	0.007276	2.515105	2.501606
-0.720000	0.868613	0.713507	0.006996	2.501606	2.486731
-0.710000	0.875610	0.685888	0.006723	2.486731	2.470532
-0.700000	0.882333	0.658876	0.006456	2.470532	2.453058
-0.690000	0.888789	0.632477	0.006195	2.453058	2.434358
-0.680000	0.894984	0.606692	0.005941	2.434358	2.414479
-0.670000	0.900925	0.581526	0.005692	2.414479	2.393469
-0.660000	0.906617	0.556980	0.005450	2.393469	2.371373
-0.650000	0.912067	0.533054	0.005214	2.371373	2.348237
-0.640000	0.917280	0.509750	0.004984	2.348237	2.324105
-0.630000	0.922264	0.487067	0.004760	2.324105	2.299019
-0.620000	0.927024	0.465004	0.004542	2.299019	2.273021
-0.610000	0.931566	0.443558	0.004331	2.273021	2.246152
-0.600000	0.935897	0.422729	0.004126	2.246152	2.218453
-0.590000	0.940023	0.402513	0.003927	2.218453	2.189962
-0.580000	0.943949	0.382906	0.003734	2.189962	2.160716
-0.570000	0.947683	0.363904	0.003547	2.160716	2.130753
-0.560000	0.951229	0.345503	0.003366	2.130753	2.100108
-0.550000	0.954595	0.327698	0.003190	2.100108	2.068816
-0.540000	0.957785	0.310484	0.003021	2.068816	2.036909
-0.530000	0.960806	0.293854	0.002858	2.036909	2.004421
-0.520000	0.963664	0.277802	0.002700	2.004421	1.971383
-0.510000	0.966364	0.262321	0.002548	1.971383	1.937825
-0.500000	0.968912	0.247404	0.002402	1.937825	1.903776
-0.490000	0.971314	0.233044	0.002261	1.903776	1.869264
-0.480000	0.973575	0.219232	0.002126	1.869264	1.834317
-0.470000	0.975701	0.205961	0.001995	1.834317	1.798961
-0.460000	0.977696	0.193223	0.001871	1.798961	1.763220
-0.450000	0.979567	0.181007	0.001751	1.763220	1.727120
-0.440000	0.981318	0.169306	0.001637	1.727120	1.690682
-0.430000	0.982955	0.158109	0.001527	1.690682	1.653929
-0.420000	0.984482	0.147409	0.001423	1.653929	1.616883
-0.410000	0.985904	0.137194	0.001323	1.616883	1.579564
-0.400000	0.987227	0.127455	0.001228	1.579564	1.541990
-0.390000	0.988455	0.118181	0.001137	1.541990	1.504180
-0.380000	0.989592	0.109363	0.001051	1.504180	1.466153
-0.370000	0.990644	0.100990	0.000970	1.466153	1.427924
-0.360000	0.991614	0.093051	0.000893	1.427924	1.389509
-0.350000	0.992506	0.085536	0.000820	1.389509	1.350923
-0.340000	0.993326	0.078433	0.000750	1.350923	1.312181
-0.330000	0.994076	0.071732	0.000685	1.312181	1.273295
-0.320000	0.994762	0.065422	0.000624	1.273295	1.234279
-0.310000	0.995386	0.059490	0.000567	1.234279	1.195143
-0.300000	0.995953	0.053927	0.000513	1.195143	1.155900
-0.290000	0.996466	0.048721	0.000463	1.155900	1.116560
-0.280000	0.996928	0.043859	0.000416	1.116560	1.077131
-0.270000	0.997344	0.039331	0.000372	1.077131	1.037625
-0.260000	0.997716	0.035125	0.000332	1.037625	0.998048
-0.250000	0.998048	0.031230	0.000294	0.998048	0.958408
-0.240000	0.998342	0.027633	0.000260	0.958408	0.918713
-0.230000	0.998601	0.024323	0.000228	0.918713	0.878969
-0.220000	0.998829	0.021288	0.000199	0.878969	0.839183
-0.210000	0.999028	0.018516	0.000172	0.839183	0.799360
-0.200000	0.999200	0.015996	0.000148	0.799360	0.759505
-0.190000	0.999348	0.013715	0.000127	0.759505	0.719622
-0.180000	0.999475	0.011662	0.000107	0.719622	0.679716
-0.170000	0.999582	0.009825	0.000090	0.679716	0.639790
-0.160000	0.999672	0.008191	0.000075	0.639790	0.599848
-0.150000	0.999747	0.006749	0.000061	0.599848	0.559892
-0.140000	0.999808	0.005488	0.000049	0.559892	0.519926
-0.130000	0.999857	0.004394	0.000039	0.519926	0.479950
-0.120000	0.999896	0.003456	0.000030	0.479950	0.439968
-0.110000	0.999927	0.002662	0.000023	0.439968	0.399980
-0.100000	0.999950	0.002000	0.000017	0.399980	0.359988
-0.090000	0.999967	0.001458	0.000012	0.359988	0.319993
-0.080000	0.999980	0.001024	0.000008	0.319993	0.279997
-0.070000	0.999988	0.000686	0.000006	0.279997	0.239998
-0.060000	0.999994	0.000432	0.000003	0.239998	0.199999
-0.050000	0.999997	0.000250	0.000002	0.199999	0.160000
-0.040000	0.999999	0.000128	0.000001	0.160000	0.120000
-0.030000	1.000000	0.000054	0.000000	0.120000	0.080000
-0.020000	1.000000	0.000016	0.000000	0.080000	0.040000
-0.010000	1.000000	0.000002	0.000000	0.040000	-0.000000
0.000000	1.000000	-0.000000	-0.000000	-0.000000	-0.040000
0.010000	1.000000	-0.000002	-0.000000	-0.040000	-0.080000
0.020000	1.000000	-0.000016	-0.000000	-0.080000	-0.120000
0.030000	1.000000	-0.000054	-0.000001	-0.120000	-0.160000
0.040000	0.999999	-0.000128	-0.000002	-0.160000	-0.199999
0.050000	0.999997	-0.000250	-0.000003	-0.199999	-0.239998
0.060000	0.999994	-0.000432	-0.000006	-0.239998	-0.279997
0.070000	0.999988	-0.000686	-0.000008	-0.279997	-0.319993
0.080000	0.999980	-0.001024	-0.000012	-0.319993	-0.359988
0.090000	0.999967	-0.001458	-0.000017	-0.359988	-0.399980
0.100000	0.999950	-0.002000	-0.000023	-0.399980	-0.439968
0.110000	0.999927	-0.002662	-0.000030	-0.439968	-0.479950
0.120000	0.999896	-0.003456	-0.000039	-0.479950	-0.519926
0.130000	0.999857	-0.004394	-0.000049	-0.519926	-0.559892
0.140000	0.999808	-0.005488	-0.000061	-0.559892	-0.599848
0.150000	0.999747	-0.006749	-0.000075	-0.599848	-0.639790
0.160000	0.999672	-0.008191	-0.000090	-0.639790	-0.679716
0.170000	0.999582	-0.009825	-0.000107	-0.679716	-0.719622
0.180000	0.999475	-0.011662	-0.000127	-0.719622	-0.759505
0.190000	0.999348	-0.013715	-0.000148	-0.759505	-0.799360
0.200000	0.999200	-0.015996	-0.000172	-0.799360	-0.839183
0.210000	0.999028	-0.018516	-0.000199	-0.839183	-0.878969
0.220000	0.998829	-0.021288	-0.000228	-0.878969	-0.918713
0.230000	0.998601	-0.024323	-0.000260	-0.918713	-0.958408
0.240000	0.998342	-0.027633	-0.000294	-0.958408	-0.998048
0.250000	0.998048	-0.031230	-0.000332	-0.998048	-1.037625
0.260000	0.997716	-0.035125	-0.000372	-1.037625	-1.077131
0.270000	0.997344	-0.039331	-0.000416	-1.077131	-1.116560
0.280000	0.996928	-0.043859	-0.000463	-1.116560	-1.155900
0.290000	0.996466	-0.048721	-0.000513	-1.155900	-1.195143
0.300000	0.995953	-0.053927	-0.000567	-1.195143	-1.234279
0.310000	0.995386	-0.059490	-0.000624	-1.234279	-1.273295
0.320000	0.994762	-0.065422	-0.000685	-1.273295	-1.312181
0.330000	0.994076	-0.071732	-0.000750	-1.312181	-1.350923
0.340000	0.993326	-0.078433	-0.000820	-1.350923	-1.389509
0.350000	0.992506	-0.085536	-0.000893	-1.389509	-1.427924
0.360000	0.991614	-0.093051	-0.000970	-1.427924	-1.466153
0.370000	0.990644	-0.100990	-0.001051	-1.466153	-1.504180
0.380000	0.989592	-0.109363	-0.001137	-1.504180	-1.541990
0.390000	0.988455	-0.118181	-0.001228	-1.541990	-1.579564
0.400000	0.987227	-0.127455	-0.001323	-1.579564	-1.616883
0.410000	0.985904	-0.137194	-0.001423	-1.616883	-1.653929
0.420000	0.984482	-0.147409	-0.001527	-1.653929	-1.690682
0.430000	0.982955	-0.158109	-0.001637	-1.690682	-1.727120
0.440000	0.981318	-0.169306	-0.001751	-1.727120	-1.763220
0.450000	0.979567	-0.181007	-0.001871	-1.763220	-1.798961
0.460000	0.977696	-0.193223	-0.001995	-1.798961	-1.834317
0.470000	0.975701	-0.205961	-0.002126	-1.834317	-1.869264
0.480000	0.973575	-0.219232	-0.002261	-1.869264	-1.903776
0.490000	0.971314	-0.233044	-0.002402	-1.903776	-1.937825
0.500000	0.968912	-0.247404	-0.002548	-1.937825	-1.971383
0.510000	0.966364	-0.262321	-0.002700	-1.971383	-2.004421
0.520000	0.963664	-0.277802	-0.002858	-2.004421	-2.036909
0.530000	0.960806	-0.293854	-0.003021	-2.036909	-2.068816
0.540000	0.957785	-0.310484	-0.003190	-2.068816	-2.100108
0.550000	0.954595	-0.327698	-0.003366	-2.100108	-2.130753
0.560000	0.951229	-0.345503	-0.003547	-2.130753	-2.160716
0.570000	0.947683	-0.363904	-0.003734	-2.160716	-2.189962
0.580000	0.943949	-0.382906	-0.003927	-2.189962	-2.218453
0.590000	0.940023	-0.402513	-0.004126	-2.218453	-2.246152
0.600000	0.935897	-0.422729	-0.004331	-2.246152	-2.273021
0.610000	0.931566	-0.443558	-0.004542	-2.273021	-2.299019
0.620000	0.927024	-0.465004	-0.004760	-2.299019	-2.324105
0.630000	0.922264	-0.487067	-0.004984	-2.324105	-2.348237
0.640000	0.917280	-0.509750	-0.005214	-2.348237	-2.371373
0.650000	0.912067	-0.533054	-0.005450	-2.371373	-2.393469
0.660000	0.906617	-0.556980	-0.005692	-2.393469	-2.414479
0.670000	0.900925	-0.581526	-0.005941	-2.414479	-2.434358
0.680000	0.894984	-0.606692	-0.006195	-2.434358	-2.453058
0.690000	0.888789	-0.632477	-0.006456	-2.453058	-2.470532
0.700000	0.882333	-0.658876	-0.006723	-2.470532	-2.486731
0.710000	0.875610	-0.685888	-0.006996	-2.486731	-2.501606
0.720000	0.868613	-0.713507	-0.007276	-2.501606	-2.515105
0.730000	0.861337	-0.741729	-0.007561	-2.515105	-2.527178
0.740000	0.853777	-0.770547	-0.007852	-2.527178	-2.537773
0.750000	0.845924	-0.799954	-0.008149	-2.537773	-2.546838
0.760000	0.837775	-0.829943	-0.008452	-2.546838	-2.554317
0.770000	0.829324	-0.860503	-0.008760	-2.554317	-2.560158
0.780000	0.820564	-0.891626	-0.009074	-2.560158	-2.564306
0.790000	0.811489	-0.923300	-0.009394	-2.564306	-2.566706
0.800000	0.802096	-0.955513	-0.009718	-2.566706	-2.567303
0.810000	0.792377	-0.988251	-0.010048	-2.567303	-2.566039
0.820000	0.782329	-1.021499	-0.010383	-2.566039	-2.562860
0.830000	0.771946	-1.055243	-0.010723	-2.562860	-2.557708
0.840000	0.761223	-1.089464	-0.011068	-2.557708	-2.550527
0.850000	0.750155	-1.124146	-0.011417	-2.550527	-2.541259
0.860000	0.738738	-1.159267	-0.011770	-2.541259	-2.529849
0.870000	0.726968	-1.194808	-0.012127	-2.529849	-2.516239
0.880000	0.714841	-1.230746	-0.012489	-2.516239	-2.500373
0.890000	0.702352	-1.267057	-0.012854	-2.500373	-2.482194
0.900000	0.689498	-1.303717	-0.013222	-2.482194	-2.461647
0.910000	0.676277	-1.340699	-0.013593	-2.461647	-2.438675
0.920000	0.662683	-1.377975	-0.013967	-2.438675	-2.413224
0.930000	0.648716	-1.415517	-0.014344	-2.413224	-2.385240
0.940000	0.634372	-1.453292	-0.014723	-2.385240	-2.354669
0.950000	0.619650	-1.491269	-0.015103	-2.354669	-2.321458
0.960000	0.604546	-1.529414	-0.015485	-2.321458	-2.285557
0.970000	0.589061	-1.567692	-0.015869	-2.285557	-2.246914
0.980000	0.573192	-1.606065	-0.016253	-2.246914	-2.205480
0.990000	0.556939	-1.644495	-0.016637	-2.205480	-2.161209
1.000000	0.540302	-1.682942	-0.017022	-2.161209	-2.114054
1.010000	0.523281	-1.721364	-0.017405	-2.114054	-2.063971
1.020000	0.505875	-1.759718	-0.017788	-2.063971	-2.010917
1.030000	0.488087	-1.797958	-0.018170	-2.010917	-1.954853
1.040000	0.469917	-1.836038	-0.018550	-1.954853	-1.895740
1.050000	0.451367	-1.873911	-0.018927	-1.895740	-1.833542
1.060000	0.432439	-1.911526	-0.019302	-1.833542	-1.768227
1.070000	0.413137	-1.948831	-0.019673	-1.768227	-1.699764
1.080000	0.393464	-1.985775	-0.020041	-1.699764	-1.628125
1.090000	0.373423	-2.022301	-0.020404	-1.628125	-1.553285
1.100000	0.353019	-2.058355	-0.020762	-1.553285	-1.475224
1.110000	0.332258	-2.093879	-0.021114	-1.475224	-1.393924
1.120000	0.311144	-2.128813	-0.021460	-1.393924	-1.309370
1.130000	0.289684	-2.163097	-0.021799	-1.309370	-1.221552
1.140000	0.267884	-2.196669	-0.022131	-1.221552	-1.130463
1.150000	0.245753	-2.229465	-0.022455	-1.130463	-1.036101
1.160000	0.223298	-2.261421	-0.022770	-1.036101	-0.938469
1.170000	0.200527	-2.292470	-0.023076	-0.938469	-0.837571
1.180000	0.177452	-2.322546	-0.023372	-0.837571	-0.733421
1.190000	0.154080	-2.351579	-0.023656	-0.733421	-0.626034
1.200000	0.130424	-2.379500	-0.023930	-0.626034	-0.515431
1.210000	0.106494	-2.406238	-0.024191	-0.515431	-0.401639
1.220000	0.082303	-2.431722	-0.024439	-0.401639	-0.284691
1.230000	0.057864	-2.455878	-0.024674	-0.284691	-0.164624
1.240000	0.033190	-2.478634	-0.024894	-0.164624	-0.041481
1.250000	0.008296	-2.499914	-0.025099	-0.041481	0.084687
1.260000	-0.016803	-2.519644	-0.025288	0.084687	0.213823
1.270000	-0.042091	-2.537749	-0.025461	0.213823	0.345867
1.280000	-0.067552	-2.554152	-0.025616	0.345867	0.480749
1.290000	-0.093168	-2.568778	-0.025753	0.480749	0.618392
1.300000	-0.118922	-2.581549	-0.025871	0.618392	0.758715
1.310000	-0.144793	-2.592390	-0.025970	0.758715	0.901627
1.320000	-0.170763	-2.601224	-0.026048	0.901627	1.047032
1.330000	-0.196810	-2.607975	-0.026105	1.047032	1.194824
1.340000	-0.222915	-2.612566	-0.026139	1.194824	1.344893
1.350000	-0.249054	-2.614922	-0.026151	1.344893	1.497119
1.360000	-0.275206	-2.614968	-0.026140	1.497119	1.651375
1.370000	-0.301346	-2.612631	-0.026104	1.651375	1.807525
1.380000	-0.327450	-2.607837	-0.026044	1.807525	1.965427
1.390000	-0.353494	-2.600514	-0.025958	1.965427	2.124930
1.400000	-0.379452	-2.590592	-0.025845	2.124930	2.285875
1.410000	-0.405297	-2.578002	-0.025706	2.285875	2.448095
1.420000	-0.431003	-2.562676	-0.025538	2.448095	2.611415
1.430000	-0.456541	-2.544549	-0.025343	2.611415	2.775652
1.440000	-0.481884	-2.523557	-0.025118	2.775652	2.940615
1.450000	-0.507003	-2.499639	-0.024864	2.940615	3.106103
1.460000	-0.531867	-2.472738	-0.024580	3.106103	3.271909
1.470000	-0.556447	-2.442796	-0.024265	3.271909	3.437818
1.480000	-0.580713	-2.409762	-0.023919	3.437818	3.603606
1.490000	-0.604632	-2.373585	-0.023542	3.603606	3.769042
1.500000	-0.628174	-2.334220	-0.023132	3.769042	3.933885
1.510000	-0.651306	-2.291623	-0.022690	3.933885	4.097891
1.520000	-0.673995	-2.245757	-0.022214	4.097891	4.260803
1.530000	-0.696210	-2.196586	-0.021706	4.260803	4.422361
1.540000	-0.717916	-2.144080	-0.021164	4.422361	4.582296
1.550000	-0.739080	-2.088215	-0.020589	4.582296	4.740333
1.560000	-0.759669	-2.028968	-0.019979	4.740333	4.896190
1.570000	-0.779648	-1.966324	-0.019336	4.896190	5.049578
1.580000	-0.798984	-1.900274	-0.018658	5.049578	5.200204
1.590000	-0.817642	-1.830811	-0.017947	5.200204	5.347768
1.600000	-0.835589	-1.757937	-0.017201	5.347768	5.491965
1.610000	-0.852790	-1.681660	-0.016421	5.491965	5.632485
1.620000	-0.869211	-1.601992	-0.015608	5.632485	5.769015
1.630000	-0.884818	-1.518953	-0.014760	5.769015	5.901235
1.640000	-0.899579	-1.432569	-0.013880	5.901235	6.028826
1.650000	-0.913459	-1.342875	-0.012967	6.028826	6.151463
1.660000	-0.926425	-1.249910	-0.012021	6.151463	6.268819
1.670000	-0.938446	-1.153723	-0.011043	6.268819	6.380567
1.680000	-0.949489	-1.054368	-0.010034	6.380567	6.486376
1.690000	-0.959523	-0.951910	-0.008994	6.486376	6.585917
1.700000	-0.968517	-0.846419	-0.007924	6.585917	6.678860
1.710000	-0.976442	-0.737975	-0.006826	6.678860	6.764878
1.720000	-0.983267	-0.626664	-0.005699	6.764878	6.843642
1.730000	-0.988966	-0.512583	-0.004544	6.843642	6.914829
1.740000	-0.993510	-0.395836	-0.003364	6.914829	6.978117
1.750000	-0.996874	-0.276536	-0.002159	6.978117	7.033189
1.760000	-0.999032	-0.154804	-0.000930	7.033189	7.079733
1.770000	-0.999962	-0.030772	0.000322	7.079733	7.117442
1.780000	-0.999641	0.095423	0.001594	7.117442	7.146017
1.790000	-0.998047	0.223631	0.002885	7.146017	7.165166
1.800000	-0.995162	0.353695	0.004194	7.165166	7.174605
1.810000	-0.990968	0.485450	0.005520	7.174605	7.174060
1.820000	-0.985448	0.618720	0.006859	7.174060	7.163269
1.830000	-0.978589	0.753322	0.008211	7.163269	7.141979
1.840000	-0.970378	0.889063	0.009573	7.141979	7.109952
1.850000	-0.960804	1.025742	0.010944	7.109952	7.066961
1.860000	-0.949860	1.163149	0.012321	7.066961	7.012796
1.870000	-0.937540	1.301066	0.013702	7.012796	6.947262
1.880000	-0.923838	1.439266	0.015084	6.947262	6.870181
1.890000	-0.908754	1.577515	0.016466	6.870181	6.781392
1.900000	-0.892288	1.715570	0.017844	6.781392	6.680754
1.910000	-0.874444	1.853182	0.019217	6.680754	6.568145
1.920000	-0.855227	1.990093	0.020582	6.568145	6.443464
1.930000	-0.834646	2.126039	0.021935	6.443464	6.306633
1.940000	-0.812710	2.260751	0.023275	6.306633	6.157598
1.950000	-0.789436	2.393950	0.024598	6.157598	5.996326
1.960000	-0.764837	2.525355	0.025902	5.996326	5.822811
1.970000	-0.738935	2.654678	0.027184	5.822811	5.637074
1.980000	-0.711752	2.781627	0.028440	5.637074	5.439162
1.990000	-0.683312	2.905904	0.029668	5.439162	5.229149